%YAML:1.0
---
MarkerSize: 5
MaxCorrectionBits: 5
ByteList: !!opencv-matrix
   rows: 9
   cols: 4
   dt: "4u"
   data: [ 222, 235, 255, 1, 254, 207, 191, 1, 255, 235, 189, 1, 254,
       249, 191, 1, 222, 234, 110, 1, 238, 143, 158, 1, 187, 43, 189, 1,
       188, 248, 187, 1, 222, 235, 107, 0, 230, 207, 143, 1, 107, 107,
       189, 1, 248, 249, 179, 1, 222, 234, 250, 0, 246, 143, 174, 1, 47,
       171, 189, 1, 186, 248, 183, 1, 222, 234, 231, 0, 230, 207, 190, 0,
       115, 171, 189, 1, 62, 249, 179, 1, 222, 235, 118, 0, 246, 143,
       159, 0, 55, 107, 189, 1, 124, 248, 183, 1, 222, 234, 115, 1, 254,
       207, 142, 0, 231, 43, 189, 1, 56, 249, 191, 1, 222, 235, 226, 1,
       238, 143, 175, 0, 163, 235, 189, 1, 122, 248, 187, 1, 222, 234,
       95, 0, 246, 79, 158, 1, 125, 43, 189, 1, 188, 249, 55, 1 ]
